[102, 103, 107]	11
[102, 103, 108]	12
[102, 103, 110]	10
[102, 103, 99]	13
[102, 104, 108]	10
[102, 104, 110]	10
[102, 105, 108]	11
[102, 107, 108]	10
[102, 107, 109]	11
[102, 107, 99]	10
[102, 108, 109]	10
[102, 108, 110]	12
[102, 108, 114]	10
[102, 108, 99]	12
[103, 105, 108]	10
[103, 105, 110]	10
[103, 106, 107]	10
[103, 106, 99]	10
[103, 107, 114]	10
[103, 107, 99]	11
[103, 108, 110]	12
[103, 108, 99]	11
[103, 110, 99]	10
[103, 112, 99]	11
[103, 114, 99]	10
[104, 108, 110]	10
[105, 108, 110]	11
[108, 110, 99]	10
