[100, 102]	10
[101, 102]	11
[101, 103]	10
[101, 105]	10
[101, 108]	10
[102, 103]	15
[102, 104]	12
[102, 105]	12
[102, 106]	13
[102, 107]	14
[102, 108]	16
[102, 109]	12
[102, 110]	13
[102, 111]	11
[102, 112]	11
[102, 113]	11
[102, 114]	12
[102, 97]	10
[102, 99]	15
[103, 105]	12
[103, 106]	12
[103, 107]	14
[103, 108]	14
[103, 109]	11
[103, 110]	13
[103, 111]	10
[103, 112]	12
[103, 113]	10
[103, 114]	12
[103, 97]	10
[103, 99]	16
[104, 108]	11
[104, 110]	11
[104, 99]	10
[105, 108]	14
[105, 109]	10
[105, 110]	12
[105, 111]	10
[105, 97]	10
[105, 99]	10
[106, 107]	12
[106, 108]	10
[106, 110]	10
[106, 111]	10
[106, 113]	11
[106, 114]	11
[106, 99]	11
[107, 108]	11
[107, 109]	12
[107, 110]	10
[107, 111]	10
[107, 112]	10
[107, 114]	12
[107, 99]	12
[108, 109]	11
[108, 110]	15
[108, 112]	10
[108, 113]	11
[108, 114]	11
[108, 97]	11
[108, 99]	13
[109, 99]	10
[110, 113]	11
[110, 114]	10
[110, 99]	11
[112, 114]	11
[112, 99]	11
[113, 114]	11
[113, 99]	10
[114, 99]	10
[97, 99]	11
