10	[102, 113, 105, 114, 110, 112, 111, 107, 108, 101, 103, 109, 98, 115]
11	[110, 97, 103, 99, 113, 101, 98, 104, 109, 105, 112, 108]
14	[99, 98, 103, 102, 113, 104, 110, 105, 111, 106, 114, 108]
15	[102, 105, 104, 99, 111, 101, 108, 97, 109, 107]
16	[112, 107, 104, 114, 109, 105, 116, 108, 103, 102, 106, 99, 110]
18	[103, 114, 108, 110, 111, 97, 106, 100, 101, 105, 115, 107]
19	[107, 106, 103, 102, 109, 108, 104, 110, 105, 111]
23	[118, 102, 114, 110, 106, 116, 104, 111, 109, 117, 107, 100, 113]
24	[116, 108, 111, 120, 117, 100, 97, 105, 98, 121, 113, 115, 118, 110]
25	[106, 114, 99, 100, 97, 112, 98, 103, 113, 115, 111, 107, 116]
26	[110, 98, 108, 105, 100, 99, 112, 116, 97, 115, 102, 101, 103]
27	[108, 99, 110, 109, 97, 102, 103, 107, 111, 105]
28	[116, 110, 103, 112, 113, 114, 106, 109, 117, 107, 115, 99, 105]
3	[115, 100, 101, 102, 103, 99, 97, 107, 106, 116, 111, 112]
33	[114, 98, 112, 117, 102, 108, 100, 99, 107, 110, 106, 116, 109, 113, 103, 104]
34	[107, 113, 115, 101, 102, 109, 108, 105, 100, 106, 97, 98, 114, 112]
38	[114, 108, 119, 115, 102, 99, 116, 104, 110, 100, 109, 107, 112, 103]
39	[104, 118, 100, 98, 116, 97, 102, 121, 113, 119, 99, 110, 120, 108, 106]
40	[118, 111, 102, 106, 114, 108, 120, 119, 117, 104, 113, 112, 110, 101, 105]
41	[103, 112, 100, 114, 108, 105, 101, 102, 99, 109, 97]
42	[113, 120, 100, 111, 101, 102, 99, 118, 112, 104, 114, 103, 106, 107]
43	[99, 107, 109, 106, 103, 105, 97, 111, 102, 98, 101]
44	[114, 112, 106, 98, 109, 99, 107, 115, 102, 103, 113, 97, 108]
46	[110, 99, 116, 107, 117, 100, 113, 104, 118, 103, 108, 119, 114, 101, 102]
9	[113, 110, 101, 106, 99, 103, 105, 108, 97, 102, 111, 104]
